frame, face_id, timestamp, confidence, success, AU01_r, AU02_r, AU04_r, AU05_r, AU06_r, AU07_r, AU09_r, AU10_r, AU12_r, AU14_r, AU15_r, AU17_r, AU20_r, AU23_r, AU25_r, AU26_r, AU45_r, AU01_c, AU02_c, AU04_c, AU05_c, AU06_c, AU07_c, AU09_c, AU10_c, AU12_c, AU14_c, AU15_c, AU17_c, AU20_c, AU23_c, AU25_c, AU26_c, AU28_c, AU45_c
1, 0, 0.000, 0.98, 1, 0.00, 0.00, 0.00, 0.00, 0.00, 0.00, 0.11, 0.00, 0.00, 0.00, 0.11, 0.09, 0.00, 0.27, 0.00, 0.00, 0.00, 0.00, 0.00, 0.00, 1.00, 0.00, 0.00, 1.00, 0.00, 0.00, 0.00, 0.00, 0.00, 0.00, 0.00, 0.00, 0.00, 0.00, 0.00
2, 0, 0.033, 0.98, 1, 0.00, 0.00, 0.00, 0.00, 0.00, 0.03, 0.10, 0.00, 0.00, 0.00, 0.20, 0.06, 0.00, 0.27, 0.05, 0.00, 0.00, 0.00, 0.00, 0.00, 1.00, 0.00, 0.00, 1.00, 0.00, 0.00, 0.00, 0.00, 0.00, 0.00, 0.00, 0.00, 0.00, 0.00, 0.00
3, 0, 0.067, 0.98, 1, 0.00, 0.00, 0.00, 0.00, 0.00, 0.07, 0.07, 0.00, 0.00, 0.00, 0.31, 0.03, 0.01, 0.27, 0.05, 0.00, 0.00, 0.00, 0.00, 0.00, 1.00, 0.00, 0.00, 1.00, 0.00, 0.00, 0.00, 0.00, 0.00, 0.00, 0.00, 0.00, 0.00, 0.00, 0.00
4, 0, 0.100, 0.98, 1, 0.00, 0.00, 0.00, 0.00, 0.00, 0.07, 0.05, 0.00, 0.00, 0.00, 0.36, 0.00, 0.01, 0.25, 0.06, 0.00, 0.00, 0.00, 0.00, 0.00, 1.00, 0.00, 0.00, 1.00, 0.00, 0.00, 0.00, 0.00, 0.00, 0.00, 0.00, 0.00, 0.00, 0.00, 0.00
5, 0, 0.133, 0.98, 1, 0.00, 0.00, 0.00, 0.00, 0.00, 0.04, 0.03, 0.00, 0.00, 0.00, 0.42, 0.00, 0.01, 0.23, 0.03, 0.00, 0.00, 0.00, 0.00, 0.00, 1.00, 0.00, 0.00, 1.00, 0.00, 0.00, 0.00, 0.00, 0.00, 0.00, 0.00, 0.00, 0.00, 0.00, 0.00
6, 0, 0.167, 0.98, 1, 0.00, 0.00, 0.00, 0.00, 0.00, 0.01, 0.06, 0.00, 0.00, 0.00, 0.41, 0.00, 0.00, 0.23, 0.03, 0.00, 0.00, 0.00, 0.00, 0.00, 1.00, 0.00, 0.00, 1.00, 0.00, 0.00, 0.00, 0.00, 0.00, 0.00, 0.00, 0.00, 0.00, 0.00, 0.00
7, 0, 0.200, 0.98, 1, 0.00, 0.00, 0.00, 0.00, 0.00, 0.01, 0.09, 0.00, 0.00, 0.00, 0.41, 0.04, 0.00, 0.25, 0.01, 0.00, 0.00, 0.00, 0.00, 0.00, 1.00, 0.00, 0.00, 1.00, 0.00, 0.00, 0.00, 0.00, 0.00, 0.00, 0.00, 0.00, 0.00, 0.00, 0.00
8, 0, 0.234, 0.98, 1, 0.00, 0.00, 0.00, 0.00, 0.00, 0.01, 0.11, 0.00, 0.00, 0.00, 0.34, 0.04, 0.00, 0.27, 0.03, 0.00, 0.00, 0.00, 0.00, 0.00, 1.00, 0.00, 0.00, 1.00, 0.00, 0.00, 0.00, 0.00, 0.00, 0.00, 0.00, 0.00, 0.00, 0.00, 0.00
9, 0, 0.267, 0.98, 1, 0.00, 0.00, 0.00, 0.00, 0.00, 0.00, 0.10, 0.00, 0.00, 0.00, 0.36, 0.13, 0.04, 0.28, 0.03, 0.00, 0.00, 0.00, 0.00, 0.00, 1.00, 0.00, 0.00, 1.00, 0.00, 0.00, 0.00, 0.00, 0.00, 0.00, 0.00, 0.00, 0.00, 1.00, 0.00
10, 0, 0.300, 0.98, 1, 0.00, 0.00, 0.00, 0.00, 0.00, 0.00, 0.10, 0.00, 0.00, 0.00, 0.35, 0.26, 0.04, 0.29, 0.03, 0.00, 0.00, 0.00, 0.00, 0.00, 1.00, 0.00, 0.00, 1.00, 0.00, 0.00, 0.00, 0.00, 0.00, 0.00, 0.00, 0.00, 0.00, 1.00, 0.00
11, 0, 0.334, 0.98, 1, 0.00, 0.00, 0.00, 0.00, 0.00, 0.09, 0.13, 0.00, 0.00, 0.00, 0.34, 0.37, 0.04, 0.31, 0.00, 0.00, 0.00, 0.00, 0.00, 0.00, 1.00, 0.00, 0.00, 1.00, 0.00, 0.00, 0.00, 0.00, 0.00, 0.00, 0.00, 0.00, 0.00, 1.00, 0.00
12, 0, 0.367, 0.98, 1, 0.00, 0.00, 0.00, 0.00, 0.00, 0.14, 0.17, 0.00, 0.00, 0.00, 0.26, 0.37, 0.00, 0.30, 0.00, 0.00, 0.00, 0.00, 0.00, 0.00, 1.00, 0.00, 0.00, 1.00, 0.00, 0.00, 0.00, 0.00, 1.00, 0.00, 0.00, 0.00, 0.00, 1.00, 0.00
13, 0, 0.400, 0.98, 1, 0.00, 0.00, 0.00, 0.00, 0.00, 0.22, 0.19, 0.00, 0.00, 0.00, 0.30, 0.23, 0.00, 0.27, 0.07, 0.00, 0.00, 0.00, 0.00, 0.00, 1.00, 0.00, 0.00, 1.00, 0.00, 0.00, 0.00, 0.00, 1.00, 0.00, 1.00, 0.00, 0.00, 1.00, 0.00
14, 0, 0.434, 0.98, 1, 0.00, 0.00, 0.00, 0.00, 0.00, 0.23, 0.16, 0.00, 0.00, 0.00, 0.37, 0.27, 0.00, 0.24, 0.14, 0.00, 0.00, 0.00, 0.00, 0.00, 1.00, 0.00, 0.00, 1.00, 0.00, 0.00, 0.00, 0.00, 1.00, 0.00, 1.00, 0.00, 0.00, 1.00, 0.00
15, 0, 0.467, 0.98, 1, 0.00, 0.00, 0.00, 0.00, 0.00, 0.25, 0.11, 0.00, 0.00, 0.00, 0.54, 0.27, 0.00, 0.26, 0.28, 0.00, 0.00, 0.00, 0.00, 0.00, 1.00, 0.00, 0.00, 1.00, 0.00, 0.00, 0.00, 0.00, 1.00, 0.00, 0.00, 0.00, 0.00, 1.00, 0.00
16, 0, 0.501, 0.98, 1, 0.00, 0.00, 0.00, 0.00, 0.00, 0.21, 0.10, 0.00, 0.00, 0.00, 0.54, 0.43, 0.00, 0.28, 0.25, 0.00, 0.00, 0.00, 0.00, 0.00, 1.00, 0.00, 0.00, 1.00, 0.00, 0.00, 0.00, 0.00, 1.00, 0.00, 0.00, 0.00, 0.00, 1.00, 0.00
17, 0, 0.534, 0.98, 1, 0.00, 0.00, 0.00, 0.00, 0.00, 0.14, 0.12, 0.00, 0.00, 0.00, 0.44, 0.30, 0.00, 0.29, 0.18, 0.00, 0.00, 0.00, 0.00, 0.00, 1.00, 0.00, 0.00, 1.00, 0.00, 0.00, 0.00, 0.00, 1.00, 0.00, 1.00, 0.00, 0.00, 1.00, 0.00
18, 0, 0.567, 0.98, 1, 0.00, 0.00, 0.00, 0.00, 0.00, 0.10, 0.12, 0.00, 0.00, 0.00, 0.28, 0.28, 0.00, 0.30, 0.04, 0.00, 0.00, 0.00, 0.00, 0.00, 1.00, 0.00, 0.00, 1.00, 0.00, 0.00, 0.00, 0.00, 0.00, 0.00, 1.00, 0.00, 0.00, 1.00, 0.00
19, 0, 0.601, 0.98, 1, 0.00, 0.00, 0.00, 0.00, 0.00, 0.17, 0.08, 0.00, 0.00, 0.00, 0.19, 0.13, 0.00, 0.29, 0.11, 0.00, 0.00, 0.00, 0.00, 0.00, 1.00, 0.00, 0.00, 1.00, 0.00, 0.00, 0.00, 0.00, 0.00, 0.00, 0.00, 0.00, 0.00, 1.00, 0.00
20, 0, 0.634, 0.98, 1, 0.00, 0.00, 0.00, 0.00, 0.00, 0.18, 0.12, 0.00, 0.00, 0.00, 0.18, 0.15, 0.00, 0.28, 0.11, 0.00, 0.00, 0.00, 0.00, 0.00, 1.00, 0.00, 0.00, 1.00, 0.00, 0.00, 0.00, 0.00, 0.00, 0.00, 0.00, 0.00, 0.00, 1.00, 0.00
21, 0, 0.667, 0.98, 1, 0.00, 0.00, 0.00, 0.00, 0.00, 0.21, 0.11, 0.00, 0.00, 0.00, 0.24, 0.10, 0.00, 0.26, 0.14, 0.00, 0.00, 0.00, 0.00, 0.00, 1.00, 0.00, 0.00, 1.00, 0.00, 0.00, 0.00, 0.00, 0.00, 0.00, 0.00, 0.00, 0.00, 1.00, 0.00
22, 0, 0.701, 0.98, 1, 0.00, 0.00, 0.00, 0.00, 0.00, 0.10, 0.09, 0.00, 0.00, 0.00, 0.31, 0.06, 0.00, 0.27, 0.12, 0.01, 0.00, 0.00, 0.00, 0.00, 1.00, 0.00, 0.00, 1.00, 0.00, 0.00, 0.00, 0.00, 0.00, 0.00, 0.00, 0.00, 0.00, 1.00, 0.00
23, 0, 0.734, 0.98, 1, 0.00, 0.00, 0.00, 0.00, 0.00, 0.16, 0.04, 0.00, 0.00, 0.00, 0.40, 0.03, 0.00, 0.26, 0.23, 0.04, 0.00, 0.00, 0.00, 0.00, 1.00, 0.00, 0.00, 1.00, 0.00, 0.00, 0.00, 0.00, 0.00, 0.00, 0.00, 0.00, 0.00, 1.00, 0.00
24, 0, 0.767, 0.98, 1, 0.00, 0.00, 0.00, 0.00, 0.00, 0.24, 0.07, 0.00, 0.00, 0.00, 0.36, 0.00, 0.00, 0.24, 0.31, 0.12, 0.00, 0.00, 0.00, 0.00, 1.00, 0.00, 0.00, 1.00, 0.00, 0.00, 0.00, 0.00, 0.00, 0.00, 0.00, 0.00, 0.00, 0.00, 0.00
25, 0, 0.801, 0.98, 1, 0.00, 0.00, 0.00, 0.00, 0.00, 0.41, 0.10, 0.00, 0.00, 0.00, 0.24, 0.05, 0.00, 0.17, 0.44, 0.28, 0.00, 0.00, 0.00, 0.00, 1.00, 0.00, 0.00, 1.00, 0.00, 0.00, 0.00, 0.00, 0.00, 0.00, 0.00, 0.00, 0.00, 0.00, 0.00
26, 0, 0.834, 0.98, 1, 0.00, 0.00, 0.00, 0.00, 0.00, 0.43, 0.17, 0.00, 0.00, 0.00, 0.10, 0.13, 0.06, 0.08, 0.71, 0.52, 0.02, 0.00, 0.00, 0.00, 1.00, 0.00, 0.00, 1.00, 0.00, 0.00, 0.00, 0.00, 0.00, 0.00, 0.00, 0.00, 0.00, 0.00, 0.00
27, 0, 0.868, 0.98, 1, 0.00, 0.00, 0.00, 0.00, 0.00, 0.36, 0.19, 0.00, 0.00, 0.00, 0.00, 0.23, 0.12, 0.01, 1.09, 0.70, 0.02, 0.00, 0.00, 0.00, 1.00, 0.00, 0.00, 1.00, 0.00, 0.00, 0.00, 0.00, 0.00, 0.00, 0.00, 1.00, 0.00, 0.00, 0.00
28, 0, 0.901, 0.98, 1, 0.00, 0.00, 0.00, 0.00, 0.00, 0.38, 0.19, 0.00, 0.00, 0.00, 0.00, 0.26, 0.16, 0.00, 1.41, 0.79, 0.05, 0.00, 0.00, 0.00, 1.00, 0.00, 0.00, 1.00, 0.00, 0.00, 0.00, 0.00, 0.00, 0.00, 0.00, 1.00, 0.00, 0.00, 0.00
29, 0, 0.934, 0.98, 1, 0.00, 0.00, 0.00, 0.00, 0.00, 0.40, 0.10, 0.00, 0.00, 0.00, 0.00, 0.18, 0.10, 0.00, 1.65, 0.93, 0.10, 0.00, 0.00, 0.00, 1.00, 0.00, 0.00, 0.00, 0.00, 0.00, 0.00, 0.00, 0.00, 0.00, 0.00, 1.00, 0.00, 0.00, 0.00
30, 0, 0.968, 0.98, 1, 0.00, 0.00, 0.00, 0.00, 0.00, 0.46, 0.08, 0.00, 0.00, 0.00, 0.00, 0.14, 0.04, 0.00, 1.76, 1.20, 0.15, 0.00, 0.00, 0.00, 1.00, 0.00, 0.00, 0.00, 0.00, 0.00, 0.00, 0.00, 0.00, 0.00, 0.00, 1.00, 1.00, 0.00, 0.00
31, 0, 1.001, 0.98, 1, 0.00, 0.00, 0.00, 0.00, 0.00, 0.37, 0.07, 0.00, 0.00, 0.00, 0.03, 0.06, 0.00, 0.00, 1.78, 1.40, 0.16, 0.00, 0.00, 0.00, 1.00, 0.00, 0.00, 0.00, 0.00, 0.00, 0.00, 0.00, 0.00, 0.00, 0.00, 1.00, 1.00, 0.00, 0.00
32, 0, 1.034, 0.98, 1, 0.00, 0.00, 0.00, 0.00, 0.00, 0.23, 0.09, 0.00, 0.00, 0.00, 0.06, 0.06, 0.00, 0.00, 1.71, 1.38, 0.16, 0.00, 0.00, 0.00, 0.00, 0.00, 0.00, 0.00, 0.00, 0.00, 0.00, 0.00, 0.00, 0.00, 0.00, 1.00, 1.00, 0.00, 0.00
33, 0, 1.068, 0.98, 1, 0.00, 0.00, 0.00, 0.00, 0.00, 0.10, 0.09, 0.00, 0.00, 0.00, 0.06, 0.00, 0.00, 0.00, 1.58, 1.13, 0.17, 0.00, 0.00, 0.00, 0.00, 0.00, 0.00, 0.00, 0.00, 0.00, 0.00, 0.00, 0.00, 0.00, 0.00, 1.00, 1.00, 0.00, 0.00
34, 0, 1.101, 0.98, 1, 0.00, 0.00, 0.00, 0.00, 0.00, 0.01, 0.11, 0.00, 0.00, 0.00, 0.05, 0.00, 0.00, 0.00, 1.38, 0.85, 0.18, 0.00, 0.00, 0.00, 0.00, 0.00, 0.00, 0.00, 0.00, 0.00, 0.00, 0.00, 0.00, 0.00, 0.00, 1.00, 0.00, 0.00, 0.00
35, 0, 1.134, 0.98, 1, 0.00, 0.00, 0.00, 0.00, 0.00, 0.07, 0.12, 0.00, 0.00, 0.00, 0.07, 0.05, 0.00, 0.00, 1.03, 0.53, 0.17, 0.00, 0.00, 0.00, 0.00, 0.00, 0.00, 0.00, 0.00, 0.00, 0.00, 0.00, 0.00, 0.00, 0.00, 1.00, 0.00, 0.00, 0.00
36, 0, 1.168, 0.98, 1, 0.00, 0.00, 0.00, 0.00, 0.00, 0.15, 0.12, 0.00, 0.00, 0.00, 0.07, 0.17, 0.00, 0.00, 0.71, 0.31, 0.16, 0.00, 0.00, 0.00, 0.00, 0.00, 0.00, 0.00, 0.00, 0.00, 0.00, 0.00, 0.00, 0.00, 0.00, 1.00, 0.00, 0.00, 0.00
37, 0, 1.201, 0.98, 1, 0.00, 0.00, 0.00, 0.00, 0.00, 0.21, 0.10, 0.00, 0.00, 0.00, 0.12, 0.22, 0.00, 0.00, 0.59, 0.23, 0.13, 0.00, 0.00, 0.00, 0.00, 0.00, 0.00, 0.00, 0.00, 0.00, 0.00, 0.00, 0.00, 0.00, 0.00, 1.00, 0.00, 0.00, 0.00
38, 0, 1.235, 0.98, 1, 0.00, 0.00, 0.00, 0.00, 0.00, 0.14, 0.05, 0.00, 0.00, 0.00, 0.16, 0.25, 0.00, 0.00, 0.72, 0.41, 0.08, 0.00, 0.00, 0.00, 1.00, 0.00, 0.00, 0.00, 0.00, 0.00, 0.00, 0.00, 0.00, 0.00, 0.00, 1.00, 0.00, 0.00, 0.00
39, 0, 1.268, 0.98, 1, 0.00, 0.00, 0.00, 0.00, 0.00, 0.06, 0.02, 0.00, 0.00, 0.00, 0.16, 0.21, 0.00, 0.00, 1.08, 0.91, 0.07, 0.00, 0.00, 0.00, 1.00, 0.00, 0.00, 0.00, 0.00, 0.00, 0.00, 0.00, 0.00, 0.00, 0.00, 1.00, 0.00, 0.00, 0.00
40, 0, 1.301, 0.98, 1, 0.02, 0.00, 0.00, 0.00, 0.00, 0.00, 0.00, 0.00, 0.00, 0.00, 0.10, 0.17, 0.00, 0.00, 1.46, 1.40, 0.07, 0.00, 0.00, 0.00, 1.00, 0.00, 0.00, 0.00, 0.00, 0.00, 0.00, 0.00, 0.00, 0.00, 0.00, 1.00, 1.00, 0.00, 0.00
41, 0, 1.335, 0.98, 1, 0.02, 0.00, 0.00, 0.00, 0.00, 0.00, 0.00, 0.00, 0.00, 0.00, 0.02, 0.14, 0.00, 0.00, 1.62, 1.66, 0.10, 0.00, 0.00, 0.00, 1.00, 0.00, 0.00, 0.00, 0.00, 0.00, 0.00, 0.00, 0.00, 0.00, 0.00, 1.00, 1.00, 0.00, 0.00
42, 0, 1.368, 0.98, 1, 0.04, 0.00, 0.00, 0.00, 0.00, 0.05, 0.00, 0.00, 0.00, 0.00, 0.02, 0.07, 0.00, 0.00, 1.56, 1.55, 0.09, 0.00, 0.00, 0.00, 1.00, 0.00, 0.00, 0.00, 0.00, 0.00, 0.00, 0.00, 0.00, 0.00, 0.00, 1.00, 1.00, 0.00, 0.00
43, 0, 1.401, 0.98, 1, 0.05, 0.00, 0.00, 0.00, 0.00, 0.07, 0.00, 0.00, 0.00, 0.00, 0.00, 0.12, 0.00, 0.00, 1.36, 1.34, 0.07, 0.00, 0.00, 0.00, 1.00, 0.00, 0.00, 0.00, 0.00, 0.00, 0.00, 0.00, 0.00, 0.00, 0.00, 1.00, 1.00, 0.00, 0.00
44, 0, 1.435, 0.98, 1, 0.04, 0.00, 0.00, 0.00, 0.00, 0.09, 0.00, 0.00, 0.00, 0.00, 0.01, 0.09, 0.00, 0.00, 1.27, 1.08, 0.05, 0.00, 0.00, 0.00, 1.00, 0.00, 0.00, 0.00, 0.00, 0.00, 0.00, 0.00, 0.00, 0.00, 0.00, 1.00, 1.00, 0.00, 0.00
45, 0, 1.468, 0.98, 1, 0.05, 0.00, 0.00, 0.00, 0.00, 0.04, 0.00, 0.00, 0.00, 0.00, 0.01, 0.09, 0.00, 0.00, 1.09, 0.80, 0.07, 0.00, 0.00, 0.00, 1.00, 0.00, 0.00, 0.00, 0.00, 0.00, 0.00, 0.00, 0.00, 0.00, 0.00, 1.00, 0.00, 0.00, 0.00
46, 0, 1.502, 0.98, 1, 0.05, 0.00, 0.00, 0.00, 0.00, 0.07, 0.01, 0.00, 0.00, 0.00, 0.01, 0.16, 0.00, 0.00, 0.88, 0.58, 0.13, 0.00, 0.00, 0.00, 1.00, 0.00, 0.00, 0.00, 0.00, 0.00, 0.00, 0.00, 0.00, 0.00, 1.00, 1.00, 0.00, 0.00, 0.00
47, 0, 1.535, 0.98, 1, 0.09, 0.00, 0.00, 0.00, 0.00, 0.07, 0.01, 0.00, 0.00, 0.00, 0.00, 0.23, 0.00, 0.00, 0.87, 0.57, 0.17, 0.00, 1.00, 0.00, 1.00, 0.00, 0.00, 0.00, 0.00, 0.00, 0.00, 0.00, 0.00, 0.00, 1.00, 1.00, 0.00, 0.00, 0.00
48, 0, 1.568, 0.98, 1, 0.18, 0.00, 0.00, 0.00, 0.00, 0.07, 0.01, 0.00, 0.00, 0.00, 0.15, 0.20, 0.00, 0.00, 1.17, 0.88, 0.12, 0.00, 1.00, 0.00, 1.00, 0.00, 0.00, 0.00, 0.00, 0.00, 0.00, 0.00, 0.00, 0.00, 1.00, 1.00, 0.00, 0.00, 0.00
49, 0, 1.602, 0.98, 1, 0.39, 0.00, 0.00, 0.00, 0.00, 0.11, 0.00, 0.00, 0.00, 0.00, 0.22, 0.25, 0.00, 0.00, 1.81, 1.48, 0.09, 1.00, 1.00, 0.00, 1.00, 0.00, 0.00, 0.00, 0.00, 0.00, 0.00, 0.00, 0.00, 0.00, 0.00, 1.00, 1.00, 0.00, 0.00
50, 0, 1.635, 0.98, 1, 0.65, 0.00, 0.00, 0.00, 0.00, 0.22, 0.00, 0.00, 0.00, 0.00, 0.37, 0.30, 0.00, 0.00, 2.37, 2.04, 0.08, 1.00, 1.00, 0.00, 1.00, 0.00, 0.00, 0.00, 0.00, 0.00, 0.00, 0.00, 0.00, 0.00, 0.00, 1.00, 1.00, 0.00, 0.00
51, 0, 1.668, 0.98, 1, 0.87, 0.12, 0.00, 0.00, 0.00, 0.27, 0.00, 0.00, 0.00, 0.00, 0.30, 0.39, 0.00, 0.00, 2.67, 2.40, 0.10, 1.00, 1.00, 0.00, 1.00, 0.00, 0.00, 0.00, 0.00, 0.00, 0.00, 0.00, 0.00, 0.00, 0.00, 1.00, 1.00, 0.00, 0.00
52, 0, 1.702, 0.98, 1, 1.07, 0.37, 0.00, 0.00, 0.00, 0.28, 0.00, 0.00, 0.00, 0.00, 0.27, 0.22, 0.00, 0.00, 2.54, 2.33, 0.07, 1.00, 1.00, 0.00, 1.00, 0.00, 0.00, 0.00, 0.00, 0.00, 0.00, 0.00, 0.00, 0.00, 0.00, 1.00, 1.00, 0.00, 0.00
53, 0, 1.735, 0.98, 1, 1.19, 0.61, 0.00, 0.00, 0.00, 0.33, 0.00, 0.00, 0.00, 0.00, 0.12, 0.20, 0.00, 0.00, 2.11, 2.18, 0.04, 1.00, 1.00, 0.00, 1.00, 0.00, 0.00, 0.00, 0.00, 0.00, 0.00, 0.00, 0.00, 0.00, 0.00, 1.00, 1.00, 0.00, 0.00
54, 0, 1.768, 0.98, 1, 1.17, 0.62, 0.00, 0.00, 0.00, 0.36, 0.00, 0.00, 0.00, 0.00, 0.04, 0.11, 0.03, 0.00, 1.76, 1.85, 0.04, 1.00, 1.00, 0.00, 1.00, 0.00, 0.00, 0.00, 0.00, 0.00, 0.00, 0.00, 0.00, 0.00, 0.00, 1.00, 1.00, 0.00, 0.00
55, 0, 1.802, 0.98, 1, 1.09, 0.56, 0.00, 0.00, 0.00, 0.34, 0.00, 0.00, 0.00, 0.00, 0.04, 0.17, 0.06, 0.00, 1.55, 1.69, 0.07, 1.00, 1.00, 0.00, 1.00, 0.00, 0.00, 0.00, 0.00, 0.00, 0.00, 0.00, 0.00, 0.00, 0.00, 1.00, 1.00, 0.00, 0.00
56, 0, 1.835, 0.98, 1, 0.99, 0.47, 0.00, 0.00, 0.00, 0.21, 0.00, 0.00, 0.00, 0.00, 0.04, 0.07, 0.14, 0.00, 1.68, 1.63, 0.09, 1.00, 1.00, 0.00, 1.00, 0.00, 0.00, 0.00, 0.00, 0.00, 0.00, 0.00, 0.00, 0.00, 0.00, 1.00, 1.00, 0.00, 0.00
57, 0, 1.869, 0.98, 1, 0.96, 0.53, 0.00, 0.00, 0.00, 0.15, 0.00, 0.00, 0.00, 0.00, 0.05, 0.10, 0.23, 0.00, 1.85, 1.68, 0.12, 1.00, 1.00, 0.00, 1.00, 0.00, 0.00, 0.00, 0.00, 0.00, 0.00, 0.00, 0.00, 0.00, 0.00, 1.00, 1.00, 0.00, 0.00
58, 0, 1.902, 0.98, 1, 0.88, 0.47, 0.00, 0.00, 0.00, 0.09, 0.00, 0.00, 0.00, 0.00, 0.01, 0.04, 0.22, 0.00, 1.87, 1.70, 0.15, 1.00, 1.00, 0.00, 1.00, 0.00, 0.00, 0.00, 0.00, 0.00, 0.00, 0.00, 0.00, 0.00, 0.00, 1.00, 1.00, 0.00, 0.00
59, 0, 1.935, 0.98, 1, 0.85, 0.51, 0.00, 0.00, 0.00, 0.16, 0.00, 0.00, 0.00, 0.00, 0.02, 0.04, 0.16, 0.00, 1.81, 1.73, 0.14, 1.00, 1.00, 0.00, 1.00, 0.00, 0.00, 0.00, 0.00, 0.00, 0.00, 0.00, 0.00, 0.00, 0.00, 1.00, 1.00, 0.00, 0.00
60, 0, 1.969, 0.98, 1, 0.79, 0.49, 0.00, 0.00, 0.00, 0.16, 0.00, 0.00, 0.00, 0.00, 0.01, 0.11, 0.04, 0.00, 1.55, 1.79, 0.13, 1.00, 1.00, 0.00, 1.00, 0.00, 0.00, 0.00, 0.00, 0.00, 0.00, 0.00, 0.00, 0.00, 0.00, 1.00, 1.00, 0.00, 0.00
61, 0, 2.002, 0.98, 1, 0.82, 0.55, 0.00, 0.00, 0.00, 0.13, 0.00, 0.00, 0.00, 0.00, 0.01, 0.26, 0.02, 0.00, 1.13, 1.53, 0.10, 1.00, 1.00, 0.00, 1.00, 0.00, 0.00, 0.00, 0.00, 0.00, 1.00, 0.00, 0.00, 0.00, 0.00, 1.00, 1.00, 0.00, 0.00
62, 0, 2.035, 0.98, 1, 0.80, 0.60, 0.00, 0.00, 0.00, 0.05, 0.00, 0.00, 0.00, 0.00, 0.00, 0.51, 0.00, 0.00, 0.63, 1.14, 0.08, 1.00, 1.00, 0.00, 1.00, 0.00, 0.00, 0.00, 0.00, 0.00, 1.00, 0.00, 0.00, 0.00, 1.00, 1.00, 1.00, 0.00, 0.00
63, 0, 2.069, 0.98, 1, 0.76, 0.56, 0.00, 0.03, 0.00, 0.04, 0.00, 0.00, 0.00, 0.00, 0.00, 0.72, 0.00, 0.02, 0.24, 0.81, 0.09, 1.00, 1.00, 0.00, 1.00, 0.00, 0.00, 0.00, 0.00, 0.00, 1.00, 0.00, 0.00, 0.00, 1.00, 1.00, 1.00, 0.00, 0.00
64, 0, 2.102, 0.98, 1, 0.65, 0.50, 0.00, 0.03, 0.00, 0.07, 0.00, 0.00, 0.00, 0.04, 0.00, 0.83, 0.00, 0.02, 0.28, 1.09, 0.12, 1.00, 1.00, 0.00, 1.00, 0.00, 0.00, 0.00, 0.00, 0.00, 1.00, 0.00, 0.00, 0.00, 1.00, 1.00, 1.00, 0.00, 0.00
65, 0, 2.135, 0.98, 1, 0.62, 0.28, 0.00, 0.03, 0.00, 0.04, 0.00, 0.00, 0.00, 0.04, 0.00, 0.69, 0.03, 0.02, 0.74, 1.66, 0.12, 1.00, 1.00, 0.00, 1.00, 0.00, 0.00, 0.00, 0.00, 0.00, 1.00, 0.00, 0.00, 0.00, 1.00, 1.00, 1.00, 0.00, 0.00
66, 0, 2.169, 0.98, 1, 0.67, 0.17, 0.00, 0.01, 0.00, 0.03, 0.00, 0.00, 0.00, 0.04, 0.00, 0.49, 0.14, 0.00, 1.27, 2.02, 0.08, 1.00, 1.00, 0.00, 1.00, 0.00, 0.00, 0.00, 0.00, 0.00, 1.00, 0.00, 0.00, 0.00, 1.00, 1.00, 1.00, 0.00, 0.00
67, 0, 2.202, 0.98, 1, 0.72, 0.11, 0.00, 0.01, 0.00, 0.07, 0.00, 0.00, 0.00, 0.00, 0.00, 0.23, 0.20, 0.00, 1.59, 1.97, 0.04, 1.00, 1.00, 0.00, 1.00, 0.00, 0.00, 0.00, 0.00, 0.00, 1.00, 0.00, 0.00, 0.00, 1.00, 1.00, 1.00, 0.00, 0.00
68, 0, 2.236, 0.98, 1, 0.70, 0.15, 0.00, 0.01, 0.00, 0.14, 0.00, 0.00, 0.00, 0.00, 0.00, 0.13, 0.17, 0.00, 1.39, 1.57, 0.05, 1.00, 1.00, 0.00, 1.00, 0.00, 0.00, 0.00, 0.00, 0.00, 1.00, 0.00, 0.00, 0.00, 1.00, 1.00, 1.00, 0.00, 0.00
69, 0, 2.269, 0.98, 1, 0.57, 0.13, 0.00, 0.00, 0.00, 0.20, 0.00, 0.00, 0.00, 0.00, 0.00, 0.04, 0.06, 0.00, 1.14, 1.22, 0.10, 1.00, 1.00, 0.00, 1.00, 0.00, 0.00, 0.00, 0.00, 0.00, 1.00, 0.00, 0.00, 0.00, 0.00, 1.00, 1.00, 0.00, 0.00
70, 0, 2.302, 0.98, 1, 0.51, 0.06, 0.00, 0.00, 0.00, 0.14, 0.00, 0.00, 0.00, 0.00, 0.00, 0.10, 0.00, 0.00, 0.92, 0.92, 0.08, 1.00, 1.00, 0.00, 1.00, 0.00, 0.00, 0.00, 0.00, 0.00, 1.00, 0.00, 0.00, 0.00, 0.00, 1.00, 1.00, 0.00, 0.00
71, 0, 2.336, 0.98, 1, 0.47, 0.00, 0.00, 0.00, 0.00, 0.06, 0.00, 0.00, 0.00, 0.00, 0.00, 0.19, 0.00, 0.00, 0.85, 0.70, 0.05, 1.00, 1.00, 0.00, 1.00, 0.00, 0.00, 0.00, 0.00, 0.00, 0.00, 0.00, 0.00, 0.00, 0.00, 0.00, 0.00, 0.00, 0.00
72, 0, 2.369, 0.98, 1, 0.51, 0.00, 0.00, 0.00, 0.00, 0.04, 0.00, 0.00, 0.00, 0.00, 0.00, 0.30, 0.00, 0.00, 0.79, 0.55, 0.00, 1.00, 1.00, 0.00, 1.00, 0.00, 0.00, 0.00, 0.00, 0.00, 0.00, 0.00, 0.00, 0.00, 0.00, 0.00, 0.00, 0.00, 0.00
73, 0, 2.402, 0.98, 1, 0.50, 0.01, 0.00, 0.00, 0.00, 0.18, 0.00, 0.00, 0.00, 0.00, 0.00, 0.34, 0.00, 0.00, 0.71, 0.51, 0.02, 1.00, 1.00, 0.00, 1.00, 0.00, 0.00, 0.00, 0.00, 0.00, 0.00, 0.00, 0.00, 0.00, 0.00, 0.00, 0.00, 0.00, 0.00
74, 0, 2.436, 0.98, 1, 0.52, 0.13, 0.00, 0.00, 0.00, 0.27, 0.00, 0.00, 0.00, 0.00, 0.00, 0.31, 0.00, 0.00, 0.62, 0.63, 0.05, 1.00, 1.00, 0.00, 1.00, 0.00, 0.00, 0.00, 0.00, 0.00, 0.00, 0.00, 0.00, 0.00, 0.00, 0.00, 0.00, 0.00, 0.00
75, 0, 2.469, 0.98, 1, 0.45, 0.17, 0.00, 0.00, 0.00, 0.24, 0.00, 0.00, 0.00, 0.00, 0.00, 0.21, 0.00, 0.00, 0.46, 0.78, 0.07, 1.00, 1.00, 0.00, 1.00, 0.00, 0.00, 0.00, 0.00, 0.00, 0.00, 0.00, 0.00, 0.00, 1.00, 0.00, 0.00, 0.00, 0.00
76, 0, 2.503, 0.98, 1, 0.39, 0.15, 0.00, 0.00, 0.00, 0.09, 0.00, 0.00, 0.00, 0.00, 0.00, 0.09, 0.00, 0.00, 0.42, 0.88, 0.09, 1.00, 1.00, 0.00, 1.00, 0.00, 0.00, 0.00, 0.00, 0.00, 0.00, 0.00, 0.00, 0.00, 1.00, 0.00, 0.00, 0.00, 0.00
77, 0, 2.536, 0.98, 1, 0.30, 0.03, 0.00, 0.00, 0.00, 0.06, 0.00, 0.00, 0.00, 0.00, 0.00, 0.06, 0.00, 0.00, 0.45, 0.89, 0.05, 1.00, 1.00, 0.00, 1.00, 0.00, 0.00, 0.00, 0.00, 0.00, 0.00, 0.00, 0.00, 0.00, 1.00, 0.00, 1.00, 0.00, 0.00
78, 0, 2.569, 0.98, 1, 0.32, 0.00, 0.00, 0.00, 0.00, 0.06, 0.00, 0.00, 0.00, 0.00, 0.04, 0.07, 0.00, 0.00, 0.62, 0.90, 0.03, 1.00, 1.00, 0.00, 1.00, 0.00, 0.00, 0.00, 0.00, 0.00, 0.00, 0.00, 0.00, 0.00, 1.00, 0.00, 1.00, 0.00, 0.00
79, 0, 2.603, 0.98, 1, 0.34, 0.00, 0.00, 0.00, 0.00, 0.06, 0.00, 0.00, 0.00, 0.00, 0.04, 0.07, 0.00, 0.00, 0.82, 1.00, 0.01, 1.00, 1.00, 0.00, 1.00, 0.00, 0.00, 0.00, 0.00, 0.00, 0.00, 0.00, 0.00, 0.00, 1.00, 1.00, 1.00, 0.00, 0.00
80, 0, 2.636, 0.98, 1, 0.34, 0.00, 0.00, 0.02, 0.00, 0.00, 0.00, 0.00, 0.00, 0.00, 0.04, 0.06, 0.01, 0.00, 0.99, 1.15, 0.03, 1.00, 1.00, 0.00, 1.00, 0.00, 0.00, 0.00, 0.00, 0.00, 0.00, 0.00, 0.00, 0.00, 1.00, 1.00, 1.00, 0.00, 0.00
81, 0, 2.669, 0.98, 1, 0.29, 0.00, 0.00, 0.06, 0.00, 0.00, 0.00, 0.00, 0.00, 0.00, 0.00, 0.11, 0.04, 0.00, 1.11, 1.20, 0.06, 0.00, 1.00, 0.00, 1.00, 0.00, 0.00, 0.00, 0.00, 0.00, 0.00, 0.00, 0.00, 0.00, 1.00, 1.00, 1.00, 0.00, 0.00
82, 0, 2.703, 0.98, 1, 0.28, 0.00, 0.00, 0.15, 0.00, 0.00, 0.00, 0.00, 0.00, 0.00, 0.00, 0.19, 0.04, 0.00, 1.03, 1.22, 0.08, 0.00, 1.00, 0.00, 1.00, 0.00, 0.00, 0.00, 0.00, 0.00, 0.00, 0.00, 0.00, 0.00, 1.00, 1.00, 1.00, 0.00, 0.00
83, 0, 2.736, 0.98, 1, 0.30, 0.00, 0.00, 0.20, 0.00, 0.00, 0.00, 0.00, 0.00, 0.00, 0.00, 0.26, 0.03, 0.00, 0.92, 1.12, 0.05, 0.00, 1.00, 0.00, 1.00, 0.00, 0.00, 0.00, 0.00, 0.00, 0.00, 0.00, 0.00, 0.00, 0.00, 1.00, 1.00, 0.00, 0.00
84, 0, 2.769, 0.98, 1, 0.30, 0.00, 0.00, 0.19, 0.00, 0.07, 0.00, 0.00, 0.00, 0.00, 0.00, 0.33, 0.00, 0.00, 0.71, 1.01, 0.02, 0.00, 1.00, 0.00, 1.00, 0.00, 0.00, 0.00, 0.00, 0.00, 0.00, 0.00, 0.00, 0.00, 1.00, 1.00, 1.00, 0.00, 0.00
85, 0, 2.803, 0.98, 1, 0.24, 0.00, 0.00, 0.10, 0.00, 0.07, 0.00, 0.00, 0.00, 0.00, 0.00, 0.37, 0.01, 0.00, 0.57, 0.75, 0.00, 0.00, 1.00, 0.00, 1.00, 0.00, 0.00, 0.00, 0.00, 0.00, 0.00, 0.00, 0.00, 0.00, 1.00, 0.00, 0.00, 0.00, 0.00
86, 0, 2.836, 0.98, 1, 0.20, 0.00, 0.00, 0.07, 0.00, 0.07, 0.00, 0.00, 0.00, 0.00, 0.00, 0.31, 0.07, 0.00, 0.31, 0.46, 0.00, 0.00, 1.00, 0.00, 1.00, 0.00, 0.00, 0.00, 0.00, 0.00, 0.00, 0.00, 0.00, 0.00, 1.00, 0.00, 0.00, 0.00, 0.00
87, 0, 2.870, 0.98, 1, 0.21, 0.00, 0.00, 0.04, 0.00, 0.00, 0.00, 0.00, 0.00, 0.00, 0.00, 0.18, 0.07, 0.03, 0.12, 0.24, 0.00, 0.00, 1.00, 0.00, 1.00, 0.00, 0.00, 0.00, 0.00, 0.00, 0.00, 0.00, 0.00, 0.00, 1.00, 0.00, 0.00, 0.00, 0.00
88, 0, 2.903, 0.98, 1, 0.19, 0.00, 0.00, 0.04, 0.00, 0.00, 0.00, 0.00, 0.00, 0.00, 0.00, 0.08, 0.06, 0.06, 0.00, 0.09, 0.00, 0.00, 1.00, 0.00, 1.00, 0.00, 0.00, 0.00, 0.00, 0.00, 0.00, 0.00, 0.00, 0.00, 1.00, 0.00, 0.00, 0.00, 0.00
89, 0, 2.936, 0.98, 1, 0.14, 0.00, 0.00, 0.00, 0.00, 0.00, 0.00, 0.00, 0.00, 0.00, 0.01, 0.16, 0.01, 0.09, 0.00, 0.08, 0.00, 0.00, 0.00, 0.00, 1.00, 0.00, 0.00, 0.00, 0.00, 0.00, 1.00, 0.00, 0.00, 0.00, 1.00, 0.00, 0.00, 0.00, 0.00
90, 0, 2.970, 0.98, 1, 0.11, 0.00, 0.00, 0.00, 0.00, 0.00, 0.00, 0.00, 0.00, 0.00, 0.01, 0.25, 0.13, 0.10, 0.00, 0.04, 0.00, 0.00, 0.00, 0.00, 1.00, 0.00, 0.00, 0.00, 0.00, 0.00, 1.00, 0.00, 0.00, 0.00, 1.00, 0.00, 0.00, 0.00, 0.00
91, 0, 3.003, 0.98, 1, 0.12, 0.00, 0.00, 0.12, 0.00, 0.00, 0.00, 0.00, 0.00, 0.00, 0.01, 0.37, 0.21, 0.12, 0.00, 0.08, 0.01, 0.00, 0.00, 0.00, 1.00, 0.00, 0.00, 0.00, 0.00, 0.00, 1.00, 0.00, 0.00, 0.00, 1.00, 0.00, 0.00, 0.00, 0.00
92, 0, 3.036, 0.98, 1, 0.13, 0.00, 0.00, 0.12, 0.00, 0.00, 0.00, 0.00, 0.00, 0.01, 0.00, 0.26, 0.23, 0.14, 0.00, 0.05, 0.01, 0.00, 0.00, 0.00, 1.00, 0.00, 0.00, 0.00, 0.00, 0.00, 1.00, 0.00, 0.00, 0.00, 1.00, 0.00, 0.00, 0.00, 0.00
93, 0, 3.070, 0.98, 1, 0.06, 0.00, 0.00, 0.12, 0.00, 0.00, 0.00, 0.00, 0.00, 0.01, 0.00, 0.22, 0.21, 0.16, 0.01, 0.05, 0.01, 0.00, 0.00, 0.00, 1.00, 0.00, 0.00, 0.00, 0.00, 0.00, 1.00, 0.00, 0.00, 0.00, 1.00, 0.00, 0.00, 1.00, 0.00
94, 0, 3.103, 0.98, 1, 0.02, 0.00, 0.00, 0.04, 0.00, 0.00, 0.00, 0.00, 0.00, 0.01, 0.00, 0.10, 0.20, 0.17, 0.01, 0.01, 0.00, 0.00, 0.00, 0.00, 1.00, 0.00, 0.00, 0.00, 0.00, 0.00, 1.00, 0.00, 0.00, 0.00, 1.00, 0.00, 0.00, 1.00, 0.00
95, 0, 3.136, 0.98, 1, 0.00, 0.00, 0.00, 0.07, 0.00, 0.00, 0.00, 0.00, 0.00, 0.00, 0.00, 0.10, 0.22, 0.17, 0.01, 0.00, 0.00, 0.00, 0.00, 0.00, 1.00, 0.00, 0.00, 0.00, 0.00, 0.00, 1.00, 0.00, 0.00, 0.00, 1.00, 0.00, 0.00, 1.00, 0.00
96, 0, 3.170, 0.98, 1, 0.00, 0.00, 0.00, 0.13, 0.00, 0.02, 0.00, 0.00, 0.00, 0.00, 0.00, 0.11, 0.16, 0.15, 0.00, 0.00, 0.00, 0.00, 0.00, 0.00, 1.00, 0.00, 0.00, 0.00, 0.00, 0.00, 1.00, 0.00, 0.00, 0.00, 1.00, 0.00, 0.00, 1.00, 0.00
97, 0, 3.203, 0.98, 1, 0.00, 0.00, 0.00, 0.10, 0.00, 0.02, 0.00, 0.00, 0.00, 0.00, 0.00, 0.12, 0.13, 0.13, 0.00, 0.00, 0.00, 0.00, 0.00, 0.00, 1.00, 0.00, 0.00, 0.00, 0.00, 0.00, 1.00, 0.00, 0.00, 0.00, 1.00, 0.00, 0.00, 1.00, 0.00
98, 0, 3.237, 0.98, 1, 0.00, 0.00, 0.00, 0.10, 0.00, 0.02, 0.00, 0.00, 0.00, 0.00, 0.00, 0.15, 0.14, 0.11, 0.00, 0.00, 0.00, 0.00, 0.00, 0.00, 1.00, 0.00, 0.00, 0.00, 0.00, 0.00, 1.00, 0.00, 0.00, 0.00, 1.00, 0.00, 0.00, 1.00, 0.00
99, 0, 3.270, 0.98, 1, 0.01, 0.00, 0.00, 0.07, 0.00, 0.00, 0.00, 0.00, 0.00, 0.00, 0.00, 0.07, 0.13, 0.10, 0.00, 0.00, 0.00, 0.00, 0.00, 0.00, 1.00, 0.00, 0.00, 0.00, 0.00, 0.00, 1.00, 0.00, 0.00, 0.00, 1.00, 0.00, 0.00, 1.00, 0.00
100, 0, 3.303, 0.98, 1, 0.01, 0.00, 0.00, 0.06, 0.00, 0.00, 0.00, 0.00, 0.00, 0.00, 0.00, 0.03, 0.15, 0.09, 0.00, 0.00, 0.00, 0.00, 0.00, 0.00, 1.00, 0.00, 0.00, 0.00, 0.00, 0.00, 1.00, 0.00, 0.00, 0.00, 1.00, 0.00, 0.00, 0.00, 0.00
101, 0, 3.337, 0.98, 1, 0.01, 0.00, 0.00, 0.03, 0.00, 0.00, 0.00, 0.00, 0.00, 0.00, 0.00, 0.01, 0.15, 0.12, 0.00, 0.00, 0.00, 0.00, 0.00, 0.00, 1.00, 0.00, 0.00, 0.00, 0.00, 0.00, 1.00, 0.00, 0.00, 0.00, 1.00, 0.00, 0.00, 0.00, 0.00
102, 0, 3.370, 0.98, 1, 0.00, 0.00, 0.00, 0.02, 0.00, 0.00, 0.00, 0.00, 0.00, 0.00, 0.03, 0.04, 0.17, 0.13, 0.00, 0.00, 0.00, 0.00, 0.00, 0.00, 1.00, 0.00, 0.00, 0.00, 0.00, 0.00, 1.00, 0.00, 0.00, 0.00, 1.00, 0.00, 0.00, 0.00, 0.00
103, 0, 3.403, 0.98, 1, 0.00, 0.00, 0.00, 0.03, 0.00, 0.00, 0.00, 0.00, 0.00, 0.00, 0.03, 0.04, 0.20, 0.14, 0.00, 0.00, 0.00, 0.00, 0.00, 0.00, 1.00, 0.00, 0.00, 0.00, 0.00, 0.00, 1.00, 0.00, 0.00, 0.00, 1.00, 0.00, 0.00, 0.00, 0.00
104, 0, 3.437, 0.98, 1, 0.01, 0.00, 0.00, 0.15, 0.00, 0.11, 0.00, 0.00, 0.00, 0.01, 0.03, 0.03, 0.23, 0.14, 0.00, 0.00, 0.00, 0.00, 0.00, 0.00, 1.00, 0.00, 0.00, 0.00, 0.00, 0.00, 1.00, 0.00, 0.00, 0.00, 1.00, 0.00, 0.00, 0.00, 0.00
105, 0, 3.470, 0.98, 1, 0.01, 0.00, 0.00, 0.16, 0.00, 0.11, 0.00, 0.00, 0.00, 0.02, 0.00, 0.00, 0.28, 0.15, 0.00, 0.00, 0.00, 0.00, 0.00, 0.00, 1.00, 0.00, 0.00, 0.00, 0.00, 0.00, 1.00, 0.00, 0.00, 0.00, 1.00, 0.00, 0.00, 0.00, 0.00
106, 0, 3.504, 0.98, 1, 0.01, 0.00, 0.00, 0.15, 0.00, 0.11, 0.00, 0.00, 0.00, 0.03, 0.03, 0.00, 0.21, 0.14, 0.00, 0.00, 0.00, 0.00, 0.00, 0.00, 1.00, 0.00, 0.00, 0.00, 0.00, 0.00, 1.00, 0.00, 0.00, 0.00, 1.00, 0.00, 0.00, 0.00, 0.00
107, 0, 3.537, 0.98, 1, 0.00, 0.00, 0.00, 0.14, 0.00, 0.00, 0.00, 0.00, 0.00, 0.02, 0.07, 0.06, 0.16, 0.11, 0.00, 0.00, 0.00, 0.00, 0.00, 0.00, 1.00, 0.00, 0.00, 0.00, 0.00, 0.00, 1.00, 0.00, 0.00, 0.00, 1.00, 0.00, 0.00, 0.00, 0.00
108, 0, 3.570, 0.98, 1, 0.00, 0.00, 0.00, 0.11, 0.00, 0.00, 0.00, 0.00, 0.00, 0.01, 0.07, 0.06, 0.19, 0.07, 0.00, 0.01, 0.00, 0.00, 0.00, 0.00, 1.00, 0.00, 0.00, 0.00, 0.00, 0.00, 0.00, 0.00, 0.00, 0.00, 1.00, 0.00, 0.00, 0.00, 0.00
109, 0, 3.604, 0.98, 1, 0.00, 0.00, 0.00, 0.00, 0.00, 0.00, 0.00, 0.00, 0.00, 0.00, 0.00, 0.00, 0.35, 0.04, 0.00, 0.04, 0.00, 0.00, 0.00, 0.00, 1.00, 0.00, 0.00, 0.00, 0.00, 0.00, 0.00, 0.00, 0.00, 0.00, 1.00, 0.00, 0.00, 1.00, 0.00
